0.000000 0.000000 0.000000 0.000000 0.000000 0.002092 0.000000 0.000000 0.000000 0.002092 0.000000 0.000000 0.000000 0.000000 0.000000 0.000000 0.000000 0.000000 0.995816 0.000000
0.115063 0.000000 0.000000 0.039749 0.000000 0.033473 0.000000 0.079498 0.006276 0.006276 0.205021 0.000000 0.000000 0.000000 0.004184 0.008368 0.004184 0.497908 0.000000 0.000000
0.000000 0.000000 0.000000 0.000000 0.000000 0.000000 0.000000 0.000000 0.012552 0.002092 0.000000 0.000000 0.817992 0.000000 0.167364 0.000000 0.000000 0.000000 0.000000 0.000000
0.002092 0.000000 0.794979 0.023013 0.000000 0.000000 0.175732 0.000000 0.000000 0.000000 0.000000 0.004184 0.000000 0.000000 0.000000 0.000000 0.000000 0.000000 0.000000 0.000000
0.002092 0.000000 0.000000 0.023013 0.000000 0.006276 0.000000 0.000000 0.000000 0.000000 0.000000 0.000000 0.958159 0.000000 0.000000 0.010460 0.000000 0.000000 0.000000 0.000000
0.004184 0.000000 0.018828 0.023013 0.000000 0.000000 0.004184 0.033473 0.228033 0.010460 0.002092 0.008368 0.000000 0.025105 0.202929 0.000000 0.000000 0.439331 0.000000 0.000000
0.000000 0.000000 0.000000 0.000000 0.000000 0.000000 0.000000 0.000000 0.000000 0.000000 0.000000 0.000000 0.000000 0.000000 0.000000 0.048117 0.951883 0.000000 0.000000 0.000000
0.000000 0.000000 0.000000 0.000000 0.000000 1.000000 0.000000 0.000000 0.000000 0.000000 0.000000 0.000000 0.000000 0.000000 0.000000 0.000000 0.000000 0.000000 0.000000 0.000000
0.000000 0.092050 0.020921 0.000000 0.052301 0.000000 0.052301 0.179916 0.000000 0.000000 0.000000 0.102510 0.000000 0.000000 0.000000 0.000000 0.004184 0.016736 0.000000 0.479079
0.000000 0.000000 0.000000 0.000000 0.014644 0.000000 0.000000 0.000000 0.000000 0.000000 0.000000 0.000000 0.000000 0.000000 0.000000 0.000000 0.000000 0.000000 0.179916 0.805439
0.027197 0.002092 0.000000 0.000000 0.064854 0.014644 0.002092 0.089958 0.079498 0.002092 0.037657 0.000000 0.000000 0.002092 0.541841 0.000000 0.000000 0.050209 0.000000 0.085774
0.000000 0.000000 0.000000 0.000000 0.000000 0.000000 0.000000 0.000000 0.000000 0.000000 0.000000 0.000000 1.000000 0.000000 0.000000 0.000000 0.000000 0.000000 0.000000 0.000000
0.098326 0.000000 0.023013 0.516736 0.004184 0.014644 0.000000 0.031381 0.121339 0.006276 0.006276 0.000000 0.004184 0.018828 0.020921 0.081590 0.000000 0.052301 0.000000 0.000000
0.002092 0.000000 0.012552 0.000000 0.000000 0.274059 0.000000 0.002092 0.010460 0.000000 0.000000 0.483264 0.000000 0.002092 0.000000 0.075314 0.138075 0.000000 0.000000 0.000000