0.029617 0.000000 0.132404 0.716028 0.000000 0.020906 0.000000 0.000000 0.010453 0.000000 0.003484 0.000000 0.001742 0.060976 0.000000 0.005226 0.001742 0.017422 0.000000 0.000000
0.043554 0.000000 0.003484 0.000000 0.000000 0.003484 0.000000 0.512195 0.000000 0.036585 0.041812 0.000000 0.001742 0.003484 0.000000 0.000000 0.020906 0.332753 0.000000 0.000000
0.003484 0.005226 0.986063 0.001742 0.000000 0.001742 0.000000 0.000000 0.000000 0.000000 0.000000 0.000000 0.000000 0.000000 0.000000 0.000000 0.000000 0.001742 0.000000 0.000000
0.484321 0.000000 0.005226 0.003484 0.000000 0.006969 0.000000 0.001742 0.000000 0.000000 0.001742 0.000000 0.259582 0.000000 0.000000 0.000000 0.003484 0.233449 0.000000 0.000000
0.846690 0.000000 0.000000 0.000000 0.000000 0.001742 0.000000 0.000000 0.000000 0.000000 0.000000 0.000000 0.001742 0.000000 0.000000 0.003484 0.003484 0.142857 0.000000 0.000000
0.001742 0.000000 0.271777 0.695122 0.000000 0.015679 0.000000 0.000000 0.001742 0.000000 0.000000 0.001742 0.000000 0.010453 0.000000 0.000000 0.000000 0.000000 0.000000 0.001742
0.000000 0.000000 0.000000 0.000000 0.000000 0.000000 0.000000 0.000000 0.000000 0.966899 0.017422 0.000000 0.005226 0.006969 0.000000 0.001742 0.000000 0.001742 0.000000 0.000000
0.000000 0.003484 0.000000 0.000000 0.000000 0.000000 0.001742 0.000000 0.000000 0.001742 0.000000 0.000000 0.000000 0.001742 0.991289 0.000000 0.000000 0.000000 0.000000 0.000000
0.493031 0.000000 0.024390 0.231707 0.000000 0.000000 0.003484 0.000000 0.048780 0.000000 0.000000 0.080139 0.000000 0.031359 0.019164 0.062718 0.001742 0.003484 0.000000 0.000000
0.113240 0.000000 0.000000 0.064460 0.000000 0.000000 0.000000 0.022648 0.174216 0.062718 0.292683 0.001742 0.000000 0.040070 0.104530 0.006969 0.067944 0.047038 0.001742 0.000000
0.000000 0.000000 0.000000 0.000000 0.069686 0.000000 0.074913 0.003484 0.000000 0.749129 0.055749 0.000000 0.001742 0.001742 0.005226 0.000000 0.003484 0.034843 0.000000 0.000000
0.000230 0.015693 0.000082 0.000107 0.015727 0.000127 0.000031 0.022703 0.000106 0.928675 0.001793 0.000063 0.001843 0.001782 0.000126 0.005391 0.000089 0.005355 0.000030 0.000047