MEME version 5.0.2

ALPHABET= ACDEFGHIKLMNPQRSTVWY

Background letter frequencies (from unknown source):
A 0.133 C 0.009 D 0.045 E 0.059 F 0.028 G 0.069 H 0.017 I 0.032 K 0.065
L 0.062 M 0.031 N 0.039 P 0.051 Q 0.024 R 0.076 S 0.096 T 0.051 V 0.070
W 0.016 Y 0.028

MOTIF 1

log-odds matrix: alength= 20 w= 29 E= 3.9e-8014
 -1345  -1028  -1159  -1283  -1164  -1116  -1083  -1272  -1278  -1210  -1361  -1202  -1151  -1147   -512  -1291  -1222  -1334    595  -1173
   -23   -502   -431    -54   -553   -100   -647    124   -329   -291    270   -729   -800   -648   -405   -733   -412    285   -285   -624
  -746   -692   -770   -732   -804   -807   -649   -740   -247   -464   -381   -730    400   -569    112   -745   -702   -793   -893   -823
  -579   -815    415   -128   -946   -728    333   -973   -767   -982  -1029   -360   -450   -646   -504   -728   -748  -1013  -1045   -859
  -529   -625   -420   -147   -730   -337   -643   -681   -697   -688   -767   -707    422   -584   -493   -337   -643   -731   -865   -798
  -470   -682   -119   -140   -749   -747   -183      9    178   -247   -373   -209   -760    -39    141   -422   -624    266   -816   -706
  -543   -601   -940   -977   -899   -773   -866   -815   -961   -907   -875   -797   -886   -803   -974    -93    419   -486   -985   -961
 -1267  -1009  -1154  -1274  -1165    386  -1080  -1260  -1271  -1205  -1343  -1189  -1145  -1139  -1247  -1242   -457  -1306  -1164  -1178
  -902    345   -106   -945     90   -494    165    250   -933   -453   -741    137   -955   -781   -942   -898   -445   -388   -660    411
 -1135   -817  -1066  -1092   -320  -1078   -651   -860  -1058   -471   -919   -918  -1072   -864  -1034  -1042   -991   -960    346    486
  -211   -185   -841   -787    125   -482   -283    150     24   -398     32   -729   -802   -330    285   -734   -596    -51   -707    165
 -1340  -1028  -1159  -1282  -1169  -1115  -1083  -1271   -491  -1210  -1360  -1201    429  -1146  -1252  -1288  -1220  -1332  -1166  -1182
   -49   -620   -132    313   -263   -215   -487      0     94   -312   -222   -518   -291    -21   -190    -38   -548    -38   -759   -636
  -579   -799   -195   -716   -939    201   -634   -389   -256   -997  -1050    365   -880   -669   -893    -42    137  -1033  -1040   -853
  -286    298   -391   -400    171     84    403     55   -269   -271   -625   -292   -697    193     92   -209   -108    -76    -12   -110
    97   -195   -195    157    235    -61   -489   -185   -137   -363   -151     22   -124   -414   -244    -76     97     -2   -756   -351
   -46   -620    131     84   -671     35    -87   -631    148   -363   -367    214   -174    -37    -66   -275   -547   -154    265   -261
  -261   -984    109    314   -999   -100   -737     48   -208   -866   -186   -745   -448    101   -864   -530   -351    153  -1078   -933
  -148   -502     61   -218   -553   -392   -647    363   -778    -96    247   -729   -352   -648   -802   -514   -171    176   -705   -624
  -291    -60    414     47   -599   -462   -442   -149   -249   -619   -652   -221   -314   -321   -491   -347   -595    -66   -657   -584
   175   -659    201   -315   -366   -180   -722   -287   -859   -876   -907   -301    197   -734   -943   -511   -438     87   -995   -884
   219   -711    -44    -37   -766   -842   -724     27   -729   -457   -741   -312   -448   -177   -865   -808   -348    186   -906   -809
  -276   -963    219    306   -983   -266   -727   -231   -376      1   -382   -736    180   -106   -852   -529   -443   -864  -1062   -368
  -422   -194    -62    -36   -496   -750   -565   -244   -446    352   -142    -52   -161   -140    -23    -67   -339   -362   -694   -627
   -96   -629   -135   -416   -727     15   -268   -679   -240   -201   -708    -98   -349   -292    325    -89   -603   -391   -774   -686
   190   -620   -116    155   -355   -463   -262   -631    -30   -444   -104     72   -291     29   -102    -71    -65   -679   -758   -635
    89   -585   -574    -12   -351   -262   -510   -127    101     61    286   -293   -700     57    -18   -277    -32    -37   -745   -633
  -476    -43   -800   -462     90   -342    181   -162   -151    328     97   -317   -259   -581   -185     16   -128   -251   -680   -623
  -424     74   -100   -688    190   -137   -194    -94   -383    357   -392   -688   -162   -321   -201   -315   -292   -349   -643   -351


letter-probability matrix: alength= 20 w= 29 nsites= 464 E= 3.9e-8014
0.000000 0.000000 0.000000 0.000000 0.000000 0.000000 0.000000 0.000000 0.000000 0.000000 0.000000 0.000000 0.000000 0.000000 0.002155 0.000000 0.000000 0.000000 0.997845 0.000000
0.114224 0.000000 0.002155 0.040948 0.000000 0.034483 0.000000 0.075431 0.006466 0.006466 0.204741 0.000000 0.000000 0.000000 0.004310 0.000000 0.002155 0.506466 0.002155 0.000000
0.000000 0.000000 0.000000 0.000000 0.000000 0.000000 0.000000 0.000000 0.010776 0.002155 0.002155 0.000000 0.818966 0.000000 0.165948 0.000000 0.000000 0.000000 0.000000 0.000000
0.002155 0.000000 0.801724 0.023707 0.000000 0.000000 0.165948 0.000000 0.000000 0.000000 0.000000 0.002155 0.002155 0.000000 0.002155 0.000000 0.000000 0.000000 0.000000 0.000000
0.002155 0.000000 0.002155 0.021552 0.000000 0.006466 0.000000 0.000000 0.000000 0.000000 0.000000 0.000000 0.956897 0.000000 0.002155 0.008621 0.000000 0.000000 0.000000 0.000000
0.004310 0.000000 0.019397 0.021552 0.000000 0.000000 0.004310 0.034483 0.224138 0.010776 0.002155 0.008621 0.000000 0.017241 0.202586 0.004310 0.000000 0.446121 0.000000 0.000000
0.002155 0.000000 0.000000 0.000000 0.000000 0.000000 0.000000 0.000000 0.000000 0.000000 0.000000 0.000000 0.000000 0.000000 0.000000 0.049569 0.946121 0.002155 0.000000 0.000000
0.000000 0.000000 0.000000 0.000000 0.000000 0.997845 0.000000 0.000000 0.000000 0.000000 0.000000 0.000000 0.000000 0.000000 0.000000 0.000000 0.002155 0.000000 0.000000 0.000000
0.000000 0.094828 0.021552 0.000000 0.051724 0.002155 0.051724 0.183190 0.000000 0.002155 0.000000 0.101293 0.000000 0.000000 0.000000 0.000000 0.002155 0.004310 0.000000 0.484914
0.000000 0.000000 0.000000 0.000000 0.002155 0.000000 0.000000 0.000000 0.000000 0.002155 0.000000 0.000000 0.000000 0.000000 0.000000 0.000000 0.000000 0.000000 0.178879 0.816810
0.030172 0.002155 0.000000 0.000000 0.066810 0.002155 0.002155 0.090517 0.077586 0.002155 0.038793 0.000000 0.000000 0.002155 0.549569 0.000000 0.000000 0.047414 0.000000 0.088362
0.000000 0.000000 0.000000 0.000000 0.000000 0.000000 0.000000 0.000000 0.002155 0.000000 0.000000 0.000000 0.997845 0.000000 0.000000 0.000000 0.000000 0.000000 0.000000 0.000000
0.094828 0.000000 0.017241 0.525862 0.004310 0.015086 0.000000 0.032328 0.125000 0.006466 0.006466 0.000000 0.006466 0.019397 0.019397 0.073276 0.000000 0.053879 0.000000 0.000000
0.002155 0.000000 0.010776 0.000000 0.000000 0.278017 0.000000 0.002155 0.010776 0.000000 0.000000 0.491379 0.000000 0.000000 0.000000 0.071121 0.133621 0.000000 0.000000 0.000000
0.017241 0.068966 0.002155 0.002155 0.092672 0.125000 0.273707 0.047414 0.008621 0.008621 0.000000 0.004310 0.000000 0.090517 0.144397 0.021552 0.023707 0.040948 0.015086 0.012931
0.265086 0.002155 0.010776 0.176724 0.144397 0.045259 0.000000 0.008621 0.023707 0.004310 0.010776 0.045259 0.021552 0.000000 0.012931 0.056034 0.101293 0.068966 0.000000 0.002155
0.096983 0.000000 0.112069 0.105603 0.000000 0.088362 0.008621 0.000000 0.183190 0.004310 0.002155 0.174569 0.015086 0.017241 0.047414 0.012931 0.000000 0.023707 0.103448 0.004310
0.021552 0.000000 0.094828 0.521552 0.000000 0.034483 0.000000 0.045259 0.015086 0.000000 0.008621 0.000000 0.002155 0.047414 0.000000 0.002155 0.004310 0.202586 0.000000 0.000000
0.047414 0.000000 0.068966 0.012931 0.000000 0.004310 0.000000 0.403017 0.000000 0.030172 0.174569 0.000000 0.004310 0.000000 0.000000 0.002155 0.015086 0.237069 0.000000 0.000000
0.019397 0.006466 0.780172 0.090517 0.000000 0.002155 0.000000 0.012931 0.012931 0.000000 0.000000 0.004310 0.006466 0.002155 0.002155 0.008621 0.000000 0.051724 0.000000 0.000000
0.450431 0.000000 0.181034 0.006466 0.002155 0.019397 0.000000 0.004310 0.000000 0.000000 0.000000 0.004310 0.200431 0.000000 0.000000 0.002155 0.002155 0.127155 0.000000 0.000000
0.612069 0.000000 0.032328 0.043103 0.000000 0.000000 0.000000 0.038793 0.000000 0.002155 0.000000 0.004310 0.002155 0.006466 0.000000 0.000000 0.004310 0.254310 0.000000 0.000000
0.019397 0.000000 0.204741 0.493534 0.000000 0.010776 0.000000 0.006466 0.004310 0.062500 0.002155 0.000000 0.178879 0.010776 0.000000 0.002155 0.002155 0.000000 0.000000 0.002155
0.006466 0.002155 0.030172 0.047414 0.000000 0.000000 0.000000 0.004310 0.002155 0.704741 0.010776 0.028017 0.017241 0.008621 0.066810 0.062500 0.004310 0.004310 0.000000 0.000000
0.068966 0.000000 0.017241 0.002155 0.000000 0.077586 0.002155 0.000000 0.010776 0.015086 0.000000 0.019397 0.004310 0.002155 0.724138 0.051724 0.000000 0.004310 0.000000 0.000000
0.504310 0.000000 0.019397 0.174569 0.002155 0.002155 0.002155 0.000000 0.051724 0.002155 0.015086 0.064655 0.006466 0.028017 0.036638 0.058190 0.032328 0.000000 0.000000 0.000000
0.250000 0.000000 0.000000 0.053879 0.002155 0.010776 0.000000 0.012931 0.131466 0.094828 0.230603 0.004310 0.000000 0.034483 0.066810 0.012931 0.040948 0.053879 0.000000 0.000000
0.004310 0.006466 0.000000 0.002155 0.053879 0.006466 0.060345 0.008621 0.023707 0.592672 0.062500 0.004310 0.008621 0.000000 0.021552 0.112069 0.021552 0.010776 0.000000 0.000000
0.006753 0.015105 0.023804 0.000127 0.109974 0.028166 0.004346 0.015156 0.004451 0.728581 0.000067 0.000084 0.017351 0.002206 0.019559 0.010982 0.006577 0.004460 0.000035 0.002215